1101
1102
1102
1102
1102
1102
1102
1102
1102
1102
1102
1102
1102
1102
1102
1103
1106
1106
1107
1107
1107
1107
1107
1107
1107
1107
1107
1107
1109
1109
1109
1110
1112
1112
1113
1113
1113
1113
1113
1113
1113
1113
1113
1113
1113
1113
1113
1113
1113
1114
1114
1114
1114
1115
1115
1116
1117
1117
1117
1117
1118
1118
1118
1118
1118
1118
1118
1118
1118
1119
1119
1119
1119
1119
1119
1121
1121
1121
1121
1121
1121
1121
1122
1122
1122
1122
1122
1122
1122
1122
1122
1122
1122
1123
1123
1123
1123
1123
1124
1124
1124
1124
1125
1126
1126
1126
1126
1126
1126
1126
1126
1126
1126
1126
1126
1126
1126
1126
1126
1126
1127
1127
1127
1127
1127
1127
1127
1128
1128
1128
1129
1129
1129
1129
1129
1129
1129
1129
1129
1129
1129
1131
1131
1131
1132
1132
1132
1133
1136
1136
1139
1140
1141
1141
1141
1141
1142
1143
1145
1146
1146
1147
1148
1149
1149
1150
1150
1150
1150
1151
1151
1153
1153
1153
1154
1154
1156
1158
1158
1158
1158
1160
1160
1160
1160
1161
1161
1161
1162
1163
1163
1164
1164
1164
1164
1164
1165
1166
1169
1169
1171
1171
1171
1173
1175
1178
1178
1178
1178
1179
1179
1179
1180
1181
1181
1181
1181
1181
1181
1182
1182
1182
1182
1182
1182
1182
1182
1182
1183
1184
1184
1185
1185
1186
1188
1188
1188
1188
1188
1188
1188
1188
1188
1188
1188
1188
1188
1188
1188
1188
1188
1188
1189
1190
1190
1190
1190
1190
1190
1191
1191
1194
1194
1194
1195
1195
1195
1195
1197
1197
1197
1197
1197
1197
1197
1197
1197
1198
1198
1198
1198
1198
1198
1198
1198
1198
1198
1200
1200
1200
1200
1200
1201
1201
1201
1201
1202
1203
1204
1205
1206
1206
1207
1207
1207
1207
1207
1207
1207
1207
1207
1207
1209
1209
1209
1210
1210
1210
1211
1211
1211
1211
1211
1211
1212
1212
1212
1214
1214
1218
1218
1218
1218
1218
1218
1218
1218
1218
1219
1219
1219
1219
1219
1219
1219
1219
1219
1219
1219
1220
1221
1222
1222
1222
1222
1222
1222
1222
1222
1222
1222
1222
1222
1222
1224
1224
1224
1224
1224
1224
1224
1224
1224
1225
1226
1228
1229
1233
1233
1233
1234
1234
1234
1234
1234
1235
1236
1237
1237
1237
1237
1237
1237
1237
1238
1239
1239
1239
1239
1239
1239
1239
1239
1239
1240
1240
1240
1240
1240
1240
1241
1241
1241
1242
1242
1242
1242
1242
1243
1244
1244
1244
1244
1244
1245
1245
1245
1245
1245
1246
1246
1247
1249
1249
1250
1250
1250
1250
1250
1251
1251
1252
1252
1253
1253
1254
1254
1254
1256
1256
1257
1257
1257
1257
1257
1257
1257
1257
1257
1257
1258
1258
1258
1258
1258
1258
1261
1262
1262
1262
1262
1262
1262
1262
1262
1262
1262
1263
1264
1265
1265
1265
1265
1265
1265
1265
1267
1267
1268
1268
1268
1268
1269
1269
1269
1269
1269
1270
1270
1272
1272
1273
1275
1275
1275
1275
1275
1276
1276
1276
1276
1277
1278
1278
1279
1279
1280
1280
1281
1281
1281
1281
1281
1281
1281
1281
1281
1281
1282
1283
1285
1285
1285
1285
1285
1285
1285
1285
1286
1286
1286
1286
1286
1286
1286
1287
1288
1288
1289
1289
1289
1289
1289
1290
1291
1293
1296
1297
1297
1297
1297
1297
1299
1299
1299
1299
1299
1299
1299
1299
1299
1301
1301
1301
1301
1303
1303
1303
1304
1304
1304
1304
1304
1304
1304
1306
1306
1306
1306
1306
1306
1306
1308
1308
1308
1308
1308
1308
1308
1308
1309
1309
1309
1310
1310
1310
1314
1315
1315
1316
1317
1320
1320
1321
1323
1323
1324
1324
1325
1325
1326
1326
1326
1327
1328
1328
1328
1328
1328
1328
1328
1328
1328
1330
1330
1330
1331
1331
1331
1331
1331
1331
1331
1331
1331
1331
1331
1332
1333
1333
1333
1333
1333
1334
1334
1334
1334
1336
1336
1336
1336
1336
1336
1337
1337
1338
1338
1338
1338
1338
1338
1339
1339
1339
1339
1339
1339
1339
1339
1339
1339
1339
1339
1339
1339
1339
1340
1340
1340
1340
1341
1341
1341
1342
1342
1342
1342
1342
1342
1343
1343
1343
1343
1344
1344
1344
1345
1345
1345
1346
1347
1348
1348
1348
1348
1349
1349
1350
1350
1351
1351
1353
1353
1353
1353
1353
1353
1353
1354
1354
1354
1354
1355
1355
1355
1355
1355
1355
1355
1356
1356
1357
1357
1357
1358
1358
1358
1358
1358
1358
1358
1359
1360
1360
1360
1360
1361
1361
1361
1361
1361
1362
1362
1362
1362
1363
1363
1364
1368
1370
1370
1370
1370
1371
1371
1372
1373
1373
1375
1375
1375
1375
1375
1376
1378
1378
1378
1379
1380
1380
1381
1381
1381
1382
1382
1382
1382
1384
1384
1386
1386
1386
1388
1388
1389
1390
1390
1390
1390
1390
1390
1391
1391
1391
1392
1392
1393
1394
1394
1395
1395
1396
1397
1400
1400
1400
1400
1400
1400
1400
1403
1403
1404
1404
1404
1404
1404
1404
1404
1404
1404
1405
1405
1406
1407
1408
1409
1409
1409
1410
1411
1411
1411
1411
1411
1411
1413
1413
1413
1413
1413
1413
1413
1413
1413
1413
1413
1413
1414
1415
1415
1415
1416
1416
1416
1418
1418
1418
1418
1418
1420
1420
1420
1421
1422
1422
1422
1422
1423
1424
1425
1425
1425
1428
1428
1429
1429
1429
1429
1429
1429
1429
1429
1429
1429
1430
1431
1431
1431
1431
1432
1432
1434
1435
1435
1435
1435
1438
1438
1440
1440
1440
1440
1440
1440
1441
1441
1441
1441
1442
1442
1442
1442
1442
1443
1443
1444
1445
1445
1446
1448
1449
1449
1451
1451
1451
1451
1451
1451
1452
1453
1455
1456
1456
1456
1456
1457
1458
1458
1458
1458
1458
1458
1458
1459
1460
1461
1461
1461
1461
1461
1461
1462
1463
1463
1463
1463
1465
1465
1466
1467
1467
1467
1468
1470
1470
1470
1470
1470
1474
1474
1474
1474
1474
1475
1477
1479
1479
1479
1480
1482
1482
1482
1482
1482
1483
1483
1483
1483
1483
1483
1483
1484
1486
1487
1487
1488
1488
1489
1489
1489
1490
1490
1491
1491
1491
1491
1491
1491
1491
1492
1492
1492
1492
1493
1493
1493
1494
1495
1495
1495
1496
1497
1497
1497
1498
1498
1498
1498
1498
1498
1499
1501
1503
1503
1503
1504
1505
1505
1505
1505
1505
1505
1506
1506
1507
1507
1507
1511
1511
1511
1511
1512
1512
1512
1512
1512
1512
1512
1512
1512
1512
1514
1514
1514
1517
1517
1517
1517
1517
1518
1518
1518
1519
1520
1520
1521
1521
1521
1521
1521
1521
1521
1521
1521
1522
1522
1522
1524
1525
1525
1525
1525
1526
1526
1526
1526
1526
1526
1526
1527
1527
1528
1528
1528
1528
1528
1529
1530
1530
1530
1531
1531
1533
1533
1535
1535
1535
1535
1535
1535
1535
1537
1537
1537
1538
1540
1540
1541
1542
1542
1542
1542
1545
1545
1545
1545
1545
1545
1545
1545
1545
1546
1546
1546
1546
1546
1547
1547
1547
1547
1548
1548
1548
1548
1548
1548
1548
1548
1549
1550
1551
1553
1553
1553
1554
1554
1554
1554
1554
1554
1555
1557
1557
1557
1557
1557
1557
1557
1557
1557
1557
1557
1558
1558
1559
1562
1562
1563
1563
1563
1563
1563
1563
1563
1563
1563
1563
1564
1565
1565
1566
1566
1566
1568
1570
1570
1570
1570
1571
1572
1573
1573
1573
1574
1575
1575
1576
1576
1576
1576
1577
1577
1577
1579
1581
1582
1582
1582
1584
1584
1584
1584
1584
1584
1584
1584
1584
1584
1584
1584
1584
1584
1584
1587
1587
1590
1590
1590
1590
1590
1590
1590
1590
1590
1591
1591
1591
1591
1591
1591
1591
1591
1591
1591
1591
1591
1592
1594
1594
1594
1594
1594
1594
1594
1594
1594
1594
1594
1595
1595
1595
1597
1597
1597
1597
1597
1598
1598
1598
1598
1598
1598
1599
1600
1601
1602
1602
1602
1602
1603
1603
1603
1603
1603
1603
1604
1604
1605
1605
1606
1606
1606
1606
1606
1606
1606
1606
1606
1606
1606
1606
1606
1606
1607
1607
1608
1608
1609
1609
1609
1609
1610
1611
1611
1611
1611
1611
1612
1612
1613
1614
1615
1615
1615
1615
1616
1616
1616
1616
1616
1616
1616
1616
1616
1616
1617
1617
1617
1617
1617
1617
1617
1617
1618
1618
1619
1619
1619
1619
1622
1622
1622
1622
1622
1622
1622
1622
1623
1623
1623
1624
1624
1625
1625
1625
1625
1625
1625
1625
1625
1625
1625
1625
1625
1625
1625
1625
1625
1625
1625
1625
1625
1625
1625
1626
1626
1626
1626
1626
1626
1626
1626
1626
1626
1626
1626
1626
1629
1629
1629
1630
1630
1630
1631
1632
1632
1632
1633
1633
1634
1634
1634
1634
1634
1635
1635
1635
1635
1635
1635
1635
1635
1635
1635
1635
1636
1636
1636
1637
1637
1637
1637
1637
1637
1637
1637
1638
1638
1638
1639
1639
1639
1639
1639
1639
1640
1640
1640
1641
1641
1642
1642
1642
1642
1642
1642
1642
1643
1643
1644
1644
1644
1645
1646
1646
1647
1647
1647
1647
1647
1648
1648
1648
1648
1649
1650
1650
1650
1650
1650
1651
1651
1651
1651
1652
1652
1652
1653
1653
1654
1655
1655
1655
1655
1656
1656
1657
1657
1659
1659
1660
1660
1662
1663
1664
1664
1664
1664
1664
1664
1664
1666
1667
1668
1668
1668
1668
1668
1668
1668
1668
1668
1669
1670
1670
1670
1670
1670
1670
1670
1670
1670
1670
1670
1671
1671
1671
1671
1671
1671
1671
1671
1672
1672
1672
1674
1675
1675
1675
1675
1676
1676
1676
1676
1676
1676
1676
1676
1676
1676
1677
1677
1678
1680
1680
1680
1681
1681
1682
1682
1682
1682
1682
1682
1682
1683
1683
1683
1683
1683
1684
1684
1685
1685
1689
1689
1689
1690
1690
1690
1690
1690
1690
1690
1691
1692
1693
1693
1694
1694
1694
1694
1695
1695
1695
1697
1697
1697
1698
1698
1698
1699
1700
1700
1701
1701
1701
1703
1706
1706
1706
1706
1706
1706
1706
1706
1706
1708
1709
1709
1712
1712
1714
1714
1714
1714
1715
1715
1717
1717
1717
1717
1717
1717
1717
1717
1717
1717
1717
1717
1717
1717
1718
1719
1719
1719
1719
1719
1719
1721
1721
1726
1726
1726
1728
1728
1728
1730
1731
1731
1731
1731
1731
1731
1731
1732
1732
1732
1732
1734
1734
1734
1735
1735
1735
1735
1735
1735
1736
1736
1737
1737
1737
1738
1738
1739
1740
1740
1740
1740
1740
1743
1743
1743
1743
1743
1750
1751
1751
1752
1752
1752
1753
1753
1754
1754
1754
1754
1756
1757
1758
1758
1759
1760
1760
1760
1760
1761
1762
1762
1762
1762
1763
1764
1766
1766
1766
1766
1766
1767
1769
1770
1771
1771
1772
1772
1772
1773
1773
1773
1773
1774
1774
1775
1775
1775
1776
1778
1778
1778
1780
1780
1781
1782
1782
1782
1782
1782
1782
1782
1782
1782
1782
1783
1783
1784
1785
1786
1787
1787
1787
1788
1788
1788
1789
1789
1789
1789
1790
1791
1793
1794
1795
1796
1797
1797
1797
1797
1798
1798
1798
1799
1800
1802
1802
1802
1802
1802
1803
1803
1803
1803
1803
1804
1804
1804
1804
1804
1804
1804
1804
1804
1804
1805
1807
1807
1809
1809
1809
1810
1811
1811
1812
1812
1813
1814
1814
1814
1814
1818
1818
1818
1819
1820
1820
1820
1821
1821
1821
1822
1822
1823
1824
1824
1824
1825
1825
1825
1826
1826
1826
1826
1826
1826
1826
1827
1827
1827
1827
1828
1828
1829
1829
1829
1829
1829
1829
1830
1830
1830
1831
1832
1832
1832
1832
1832
1833
1834
1834
1834
1834
1835
1837
1837
1838
1839
1839
1840
1840
1841
1841
1841
1842
1842
1843
1843
1843
1845
1846
1846
1846
1846
1846
1846
1847
1848
1848
1848
1849
1849
1849
1849
1850
1851
1852
1852
1852
1852
1852
1852
1852
1853
1853
1853
1853
1854
1854
1855
1859
1860
1860
1861
1861
1861
1861
1862
1863
1863
1863
1863
1863
1863
1863
1863
1863
1863
1864
1864
1864
1864
1864
1864
1864
1864
1865
1866
1866
1867
1868
1869
1869
1870
1871
1871
1873
1874
1874
1874
1874
1876
1876
1876
1876
1876
1876
1878
1880
1880
1881
1881
1881
1882
1882
1882
1883
1883
1883
1886
1888
1889
1889
1889
1890
1890
1891
1893
1893
1894
1894
1895
1895
1896
1897
1897
1898
1898
1899
1899
1899
1899
1900
1900
1901
1902
1902
1903
1903
1904
1904
1904
1904
1905
1906
1906
1907
1908
1909
1910
1911
1911
1912
1913
1914
1914
1915
1916
1917
1917
1917
1917
1920
1920
1921
1921
1923
1923
1925
1925
1925
1926
1926
1926
1927
1928
1928
1930
1931
1932
1932
1932
1932
1932
1932
1933
1933
1934
1934
1935
1936
1940
1941
1942
1942
1942
1943
1944
1944
1946
1946
1947
1947
1947
1947
1947
1948
1948
1949
1950
1950
1951
1951
1952
1952
1953
1953
1953
1953
1955
1957
1958
1958
1958
1959
1959
1959
1959
1959
1959
1960
1960
1961
1962
1962
1965
1965
1965
1967
1967
1968
1969
1969
1971
1971
1972
1972
1972
1973
1973
1974
1975
1975
1975
1976
1977
1978
1978
1979
1979
1979
1980
1980
1980
1980
1981
1982
1982
1982
1982
1984
1985
1985
1986
1987
1987
1991
1991
1991
1992
1992
1992
1993
1995
1995
1995
1996
1997
1998
1998
2000
2000
2000
2001
2002
2003
2004
2005
2006
2007
2007
2008
2009
2009
2010
2011
2011
2012
2013
2014
2015
2015
2015
2016
2017
2018
2018
2019
2019
2019
2019
2020
2021
2021
2021
2021
2021
2022
2022
2023
2024
2025
2026
2027
2028
2028
2028
2029
2029
2030
2031
2035
2035
2038
2039
2040
2044
2045
2062
2062
2062
2062
2062
2062
2062
2062
2062
2062
2062
2062
2062
2062
2062
2062
2062
2062
2068
2068
2069
2070
2071
2072
2073
2074

